crossing time (s)	slope (V/s)	crossing number
281474976710655.000000	3.833056	12008	0.000000
281474976710655.000000	3.001731	12009	0.000000
281474976710655.000000	3.147329	12010	0.000000
281474976710655.000000	3.048989	12011	0.000000
281474976710655.000000	3.603973	12012	0.000000
281474976710655.000000	2.916911	12013	0.000000
281474976710655.000000	5.984443	12014	0.000000
281474976710655.000000	4.122449	12015	0.000000
281474976710655.000000	3.633206	12016	0.000000
281474976710655.000000	2.891577	12017	0.000000
281474976710655.000000	2.908715	12018	0.000000
281474976710655.000000	3.034397	12019	0.000000
281474976710655.000000	4.167257	12020	0.000000
281474976710655.000000	4.272251	12021	0.000000
281474976710655.000000	3.323377	12022	0.000000
281474976710655.000000	3.903569	12023	0.000000
281474976710655.000000	3.369913	12024	0.000000
281474976710655.000000	4.137356	12025	0.000000
281474976710655.000000	3.586038	12026	0.000000
281474976710655.000000	3.189790	12027	0.000000
281474976710655.000000	4.094854	12028	0.000000
281474976710655.000000	3.183517	12029	0.000000
281474976710655.000000	3.765194	12030	0.000000
281474976710655.000000	3.748570	12031	0.000000
281474976710655.000000	4.092254	12032	0.000000
281474976710655.000000	3.325475	12033	0.000000
281474976710655.000000	3.313594	12034	0.000000
281474976710655.000000	3.454453	12035	0.000000
281474976710655.000000	3.647673	12036	0.000000
281474976710655.000000	4.408293	12037	0.000000
281474976710655.000000	3.569532	12038	0.000000
281474976710655.000000	3.778241	12039	0.000000
281474976710655.000000	3.240345	12040	0.000000
281474976710655.000000	3.996169	12041	0.000000
281474976710655.000000	3.966645	12042	0.000000
281474976710655.000000	3.134373	12043	0.000000
281474976710655.000000	4.009966	12044	0.000000
281474976710655.000000	3.494841	12045	0.000000
281474976710655.000000	4.456651	12046	0.000000
281474976710655.000000	3.483131	12047	0.000000
281474976710655.000000	4.015101	12048	0.000000
281474976710655.000000	3.603064	12049	0.000000
281474976710655.000000	4.029984	12050	0.000000
281474976710655.000000	3.461812	12051	0.000000
281474976710655.000000	4.323485	12052	0.000000
281474976710655.000000	3.869141	12053	0.000000
281474976710655.000000	4.368097	12054	0.000000
281474976710655.000000	3.407863	12055	0.000000
281474976710655.000000	4.185939	12056	0.000000
281474976710655.000000	3.470751	12057	0.000000
281474976710655.000000	4.236207	12058	0.000000
281474976710655.000000	3.542630	12059	0.000000
281474976710655.000000	4.319083	12060	0.000000
281474976710655.000000	3.642205	12061	0.000000
281474976710655.000000	3.818297	12062	0.000000
281474976710655.000000	3.990003	12063	0.000000
281474976710655.000000	3.922967	12064	0.000000
281474976710655.000000	3.953927	12065	0.000000
281474976710655.000000	3.984510	12066	0.000000
281474976710655.000000	4.087322	12067	0.000000
281474976710655.000000	3.661872	12068	0.000000
281474976710655.000000	4.504097	12069	0.000000
281474976710655.000000	3.670465	12070	0.000000
281474976710655.000000	3.874500	12071	0.000000
281474976710655.000000	3.947143	12072	0.000000
281474976710655.000000	3.728564	12073	0.000000
281474976710655.000000	4.577317	12074	0.000000
281474976710655.000000	3.676821	12075	0.000000
281474976710655.000000	4.397276	12076	0.000000
281474976710655.000000	3.806714	12077	0.000000
281474976710655.000000	4.250371	12078	0.000000
281474976710655.000000	3.906882	12079	0.000000
281474976710655.000000	4.214800	12080	0.000000
281474976710655.000000	3.998713	12081	0.000000
281474976710655.000000	4.124186	12082	0.000000
281474976710655.000000	4.340845	12083	0.000000
281474976710655.000000	3.746210	12084	0.000000
281474976710655.000000	4.555521	12085	0.000000
281474976710655.000000	3.951548	12086	0.000000
281474976710655.000000	4.398329	12087	0.000000
281474976710655.000000	3.812122	12088	0.000000
281474976710655.000000	4.499473	12089	0.000000
281474976710655.000000	3.924104	12090	0.000000
281474976710655.000000	4.446745	12091	0.000000
281474976710655.000000	3.905594	12092	0.000000
281474976710655.000000	4.497899	12093	0.000000
281474976710655.000000	3.967289	12094	0.000000
281474976710655.000000	4.458544	12095	0.000000
281474976710655.000000	4.001307	12096	0.000000
281474976710655.000000	4.461535	12097	0.000000
281474976710655.000000	3.997881	12098	0.000000
281474976710655.000000	4.490178	12099	0.000000
281474976710655.000000	4.025181	12100	0.000000
281474976710655.000000	4.393759	12101	0.000000
281474976710655.000000	4.321766	12102	0.000000
281474976710655.000000	3.993089	12103	0.000000
281474976710655.000000	4.377314	12104	0.000000
281474976710655.000000	4.064124	12105	0.000000
281474976710655.000000	4.555628	12106	0.000000
281474976710655.000000	4.001745	12107	0.000000
281474976710655.000000	4.542014	12108	0.000000
281474976710655.000000	4.050786	12109	0.000000
281474976710655.000000	4.400476	12110	0.000000
281474976710655.000000	4.211772	12111	0.000000
281474976710655.000000	4.499160	12112	0.000000
281474976710655.000000	5.244320	12113	0.000000
281474976710655.000000	4.189028	12114	0.000000
281474976710655.000000	4.418337	12115	0.000000
281474976710655.000000	4.085455	12116	0.000000
281474976710655.000000	4.627660	12117	0.000000
281474976710655.000000	4.213900	12118	0.000000
281474976710655.000000	4.444351	12119	0.000000
281474976710655.000000	4.227875	12120	0.000000
281474976710655.000000	4.498173	12121	0.000000
281474976710655.000000	4.271948	12122	0.000000
281474976710655.000000	4.371739	12123	0.000000
281474976710655.000000	4.505295	12124	0.000000
281474976710655.000000	4.171657	12125	0.000000
281474976710655.000000	4.626143	12126	0.000000
281474976710655.000000	4.094939	12127	0.000000
281474976710655.000000	4.554146	12128	0.000000
281474976710655.000000	4.193405	12129	0.000000
281474976710655.000000	4.639005	12130	0.000000
281474976710655.000000	4.105704	12131	0.000000
281474976710655.000000	4.710212	12132	0.000000
281474976710655.000000	4.138357	12133	0.000000
281474976710655.000000	4.702444	12134	0.000000
281474976710655.000000	4.146628	12135	0.000000
281474976710655.000000	4.571975	12136	0.000000
281474976710655.000000	4.262314	12137	0.000000
281474976710655.000000	4.622112	12138	0.000000
281474976710655.000000	4.280265	12139	0.000000
281474976710655.000000	4.630708	12140	0.000000
281474976710655.000000	4.407294	12141	0.000000
281474976710655.000000	4.407889	12142	0.000000
281474976710655.000000	4.635298	12143	0.000000
281474976710655.000000	4.270936	12144	0.000000
281474976710655.000000	4.750995	12145	0.000000
281474976710655.000000	4.262304	12146	0.000000
281474976710655.000000	4.768931	12147	0.000000
281474976710655.000000	4.193112	12148	0.000000
281474976710655.000000	4.793641	12149	0.000000
281474976710655.000000	4.309735	12150	0.000000
281474976710655.000000	4.675153	12151	0.000000
281474976710655.000000	4.432165	12152	0.000000
281474976710655.000000	4.492968	12153	0.000000
281474976710655.000000	4.709075	12154	0.000000
281474976710655.000000	4.353288	12155	0.000000
281474976710655.000000	4.923728	12156	0.000000
281474976710655.000000	4.233071	12157	0.000000
281474976710655.000000	4.916545	12158	0.000000
281474976710655.000000	4.180671	12159	0.000000
281474976710655.000000	4.829294	12160	0.000000
281474976710655.000000	4.279089	12161	0.000000
281474976710655.000000	4.816556	12162	0.000000
281474976710655.000000	4.356925	12163	0.000000
281474976710655.000000	4.672908	12164	0.000000
281474976710655.000000	4.619006	12165	0.000000
281474976710655.000000	4.510073	12166	0.000000
281474976710655.000000	4.730594	12167	0.000000
281474976710655.000000	4.512805	12168	0.000000
281474976710655.000000	4.715559	12169	0.000000
281474976710655.000000	4.495669	12170	0.000000
281474976710655.000000	4.766171	12171	0.000000
281474976710655.000000	4.494824	12172	0.000000
281474976710655.000000	4.839080	12173	0.000000
281474976710655.000000	4.499215	12174	0.000000
281474976710655.000000	4.762062	12175	0.000000
281474976710655.000000	4.591131	12176	0.000000
281474976710655.000000	4.692814	12177	0.000000
281474976710655.000000	4.666875	12178	0.000000
281474976710655.000000	4.592811	12179	0.000000
281474976710655.000000	4.722894	12180	0.000000
281474976710655.000000	4.515624	12181	0.000000
281474976710655.000000	4.834970	12182	0.000000
281474976710655.000000	4.387313	12183	0.000000
281474976710655.000000	4.935921	12184	0.000000
281474976710655.000000	4.404689	12185	0.000000
281474976710655.000000	4.992899	12186	0.000000
281474976710655.000000	4.472669	12187	0.000000
281474976710655.000000	4.912197	12188	0.000000
281474976710655.000000	4.547207	12189	0.000000
281474976710655.000000	4.834945	12190	0.000000
281474976710655.000000	4.718131	12191	0.000000
281474976710655.000000	4.778757	12192	0.000000
281474976710655.000000	4.816729	12193	0.000000
281474976710655.000000	4.652018	12194	0.000000
281474976710655.000000	4.872633	12195	0.000000
281474976710655.000000	4.568491	12196	0.000000
281474976710655.000000	4.949715	12197	0.000000
281474976710655.000000	4.511951	12198	0.000000
281474976710655.000000	4.961345	12199	0.000000
281474976710655.000000	4.563460	12200	0.000000
281474976710655.000000	4.915657	12201	0.000000
281474976710655.000000	4.551038	12202	0.000000
281474976710655.000000	4.896397	12203	0.000000
281474976710655.000000	4.560108	12204	0.000000
281474976710655.000000	4.927117	12205	0.000000
281474976710655.000000	4.686038	12206	0.000000
281474976710655.000000	4.500655	12207	0.000000
281474976710655.000000	4.636149	12208	0.000000
281474976710655.000000	4.724680	12209	0.000000
281474976710655.000000	4.730121	12210	0.000000
281474976710655.000000	4.816169	12211	0.000000
281474976710655.000000	4.759115	12212	0.000000
281474976710655.000000	4.830942	12213	0.000000
281474976710655.000000	4.705301	12214	0.000000
281474976710655.000000	4.794550	12215	0.000000
281474976710655.000000	4.731950	12216	0.000000
281474976710655.000000	4.864506	12217	0.000000
281474976710655.000000	4.709178	12218	0.000000
281474976710655.000000	4.870039	12219	0.000000
281474976710655.000000	4.722764	12220	0.000000
281474976710655.000000	4.676627	12221	0.000000
281474976710655.000000	5.295257	12222	0.000000
281474976710655.000000	5.142023	12223	0.000000
281474976710655.000000	4.334759	12224	0.000000
281474976710655.000000	5.185492	12225	0.000000
281474976710655.000000	4.660394	12226	0.000000
281474976710655.000000	4.989103	12227	0.000000
281474976710655.000000	4.519394	12228	0.000000
281474976710655.000000	5.059503	12229	0.000000
281474976710655.000000	4.778024	12230	0.000000
281474976710655.000000	5.192020	12231	0.000000
281474976710655.000000	4.668572	12232	0.000000
281474976710655.000000	5.121799	12233	0.000000
281474976710655.000000	4.757628	12234	0.000000
281474976710655.000000	4.624681	12235	0.000000
281474976710655.000000	4.885168	12236	0.000000
281474976710655.000000	4.772724	12237	0.000000
281474976710655.000000	5.010008	12238	0.000000
281474976710655.000000	4.678644	12239	0.000000
281474976710655.000000	5.050030	12240	0.000000
281474976710655.000000	4.561966	12241	0.000000
281474976710655.000000	5.308938	12242	0.000000
281474976710655.000000	4.543297	12243	0.000000
281474976710655.000000	5.297800	12244	0.000000
281474976710655.000000	4.580083	12245	0.000000
281474976710655.000000	5.249659	12246	0.000000
281474976710655.000000	4.689960	12247	0.000000
281474976710655.000000	5.040763	12248	0.000000
281474976710655.000000	4.421206	12249	0.000000
281474976710655.000000	5.024717	12250	0.000000
281474976710655.000000	7.292627	12251	0.000000
281474976710655.000000	4.812428	12252	0.000000
281474976710655.000000	4.916783	12253	0.000000
281474976710655.000000	4.904593	12254	0.000000
281474976710655.000000	4.967549	12255	0.000000
281474976710655.000000	4.963727	12256	0.000000
281474976710655.000000	4.957012	12257	0.000000
281474976710655.000000	4.944881	12258	0.000000
281474976710655.000000	4.935857	12259	0.000000
281474976710655.000000	4.816305	12260	0.000000
281474976710655.000000	4.892465	12261	0.000000
281474976710655.000000	5.083802	12262	0.000000
281474976710655.000000	4.942575	12263	0.000000
281474976710655.000000	5.040377	12264	0.000000
281474976710655.000000	4.819215	12265	0.000000
281474976710655.000000	5.467428	12266	0.000000
281474976710655.000000	4.676115	12267	0.000000
281474976710655.000000	5.061778	12268	0.000000
281474976710655.000000	4.803489	12269	0.000000
281474976710655.000000	5.201684	12270	0.000000
281474976710655.000000	4.758887	12271	0.000000
281474976710655.000000	5.165148	12272	0.000000
281474976710655.000000	4.843667	12273	0.000000
281474976710655.000000	5.040530	12274	0.000000
281474976710655.000000	4.836038	12275	0.000000
281474976710655.000000	4.941258	12276	0.000000
281474976710655.000000	5.137609	12277	0.000000
281474976710655.000000	4.922575	12278	0.000000
281474976710655.000000	5.029372	12279	0.000000
281474976710655.000000	4.893683	12280	0.000000
281474976710655.000000	5.075271	12281	0.000000
281474976710655.000000	4.781288	12282	0.000000
281474976710655.000000	5.063831	12283	0.000000
281474976710655.000000	4.830821	12284	0.000000
281474976710655.000000	5.162846	12285	0.000000
281474976710655.000000	4.847116	12286	0.000000
281474976710655.000000	4.986326	12287	0.000000
281474976710655.000000	4.887551	12288	0.000000
281474976710655.000000	5.249719	12289	0.000000
281474976710655.000000	4.799647	12290	0.000000
281474976710655.000000	7.798056	12291	0.000000
281474976710655.000000	4.886699	12292	0.000000
281474976710655.000000	5.070583	12293	0.000000
281474976710655.000000	4.854301	12294	0.000000
281474976710655.000000	4.888887	12295	0.000000
281474976710655.000000	4.902492	12296	0.000000
281474976710655.000000	5.049530	12297	0.000000
281474976710655.000000	4.771084	12298	0.000000
281474976710655.000000	5.295444	12299	0.000000
281474976710655.000000	4.751700	12300	0.000000
281474976710655.000000	5.246017	12301	0.000000
