num crossings	time (s)	maj axis (mm)	min axis (mm)	theta (rad )	slope (V/s)
9961	24089.813404	37.138078	13.761306	0.270773	8.649665
9963	24091.885539	36.401500	13.433089	0.283915	10.632153
9967	24096.068180	36.869437	13.553182	0.257985	9.614016
9969	24098.132645	36.870780	13.551705	0.280791	10.260158
9971	24100.212957	36.180930	13.226492	0.283275	9.867916
9973	24102.309933	36.123841	13.118639	0.264321	9.317375
9975	24104.393259	36.666468	13.280907	0.262144	9.203774
9979	24108.536629	36.425213	13.109941	0.293332	9.874211
9981	24110.620549	36.270408	12.946784	0.289480	9.179501
9983	24112.708077	36.102716	12.894404	0.282615	9.623722
9985	24114.795635	36.177441	12.880190	0.281627	9.216995
9989	24118.962433	36.322179	12.799323	0.283852	9.295904
9991	24121.040927	36.360436	12.701309	0.289688	9.018374
9993	24123.120314	36.283157	12.683688	0.290220	10.205661
9995	24125.195429	36.393184	12.580781	0.286626	8.564985
9997	24127.266771	36.267350	12.508581	0.280000	9.038228
9999	24129.349490	35.967276	12.484791	0.279901	9.484240
10001	24131.444576	35.722861	12.466897	0.300842	10.086945
10003	24133.534076	35.895411	12.370353	0.311604	10.078427
10005	24135.611860	36.384709	12.288466	0.303463	9.696204
10007	24137.678837	36.369979	12.162601	0.285539	9.590349
10009	24139.756607	35.788263	12.210588	0.283018	9.093424
10011	24141.852979	35.522741	12.184914	0.303748	9.805245
10013	24143.941245	35.788863	12.094831	0.313827	9.491129
10017	24148.085613	36.128401	11.924654	0.293486	9.157584
10019	24150.160772	35.835483	11.896402	0.293730	9.576908
10021	24152.247558	35.601616	11.858275	0.296217	9.526589
10023	24154.338506	35.570524	11.801252	0.308472	9.769933
10025	24156.423861	35.670100	11.715345	0.309981	9.853197
10027	24158.509405	35.608938	11.673529	0.308653	10.033482
10029	24160.589601	35.779415	11.601185	0.308952	10.273760
10031	24162.670750	35.714549	11.576904	0.306694	9.438532
10033	24164.752740	35.575027	11.538471	0.307434	9.532249
10037	24168.907688	35.722874	11.460336	0.313965	9.460039
10039	24170.979789	35.717271	11.446638	0.319418	9.426693
10041	24173.057439	35.608158	11.354049	0.322878	9.797122
10043	24175.141242	35.307555	11.228207	0.325928	10.152329
10047	24179.319935	35.309907	11.138569	0.305170	9.149725
10049	24181.402451	35.674297	11.145824	0.307430	9.537779
10051	24183.475007	35.640176	11.141179	0.322412	9.973828
10053	24185.547740	35.384622	11.049768	0.332893	9.282417
10055	24187.629318	35.172131	10.893942	0.332804	9.351638
10057	24189.716571	35.015015	10.791495	0.326198	9.337995
10061	24193.892009	35.230048	10.780887	0.316720	9.429297
10063	24195.971433	35.355833	10.709808	0.322075	9.969019
10065	24198.052195	35.270455	10.665482	0.325894	10.442690
10067	24200.126600	35.174324	10.609560	0.329826	9.917311
10069	24202.206496	35.069022	10.544081	0.332841	9.727722
10071	24204.283639	35.088704	10.479891	0.332963	10.251186
10073	24206.366070	34.950353	10.441724	0.333968	9.774711
10075	24208.448802	34.924775	10.363178	0.332155	9.872244
10077	24210.531248	34.913082	10.317536	0.335801	9.879295
10079	24212.617211	34.907444	10.234222	0.336107	9.077594
10081	24214.702034	34.839930	10.207277	0.340392	9.728997
10085	24218.865658	35.026171	10.099019	0.343496	9.338196
10087	24220.944123	35.046427	10.055294	0.344061	9.459839
10089	24223.014744	35.042082	9.991284	0.337396	9.039419
10091	24225.091238	35.067812	9.847802	0.328114	9.577590
10093	24227.169537	34.616230	9.926897	0.331940	9.214471
10095	24229.260918	34.417735	9.873887	0.340805	9.867043
10097	24231.351286	34.492364	9.805916	0.349973	10.148662
10099	24233.434669	34.760932	9.732197	0.355482	9.940266
10103	24237.590415	34.823627	9.672020	0.346249	8.705559
10105	24239.664906	34.770420	9.590933	0.343738	9.149478
10107	24241.742312	34.714427	9.533512	0.342352	9.104024
10109	24243.817202	34.679809	9.478849	0.342881	9.365222
10111	24245.900345	34.522684	9.401628	0.344868	9.788117
10113	24247.979899	34.482133	9.365306	0.346336	9.524444
10115	24250.062851	34.455383	9.291466	0.349880	10.212855
10117	24252.145479	34.352517	9.281802	0.353005	10.811870
10119	24254.225009	34.374608	9.216084	0.355928	9.403668
10123	24258.394300	34.260298	9.096832	0.356175	9.636098
10125	24260.476559	34.215457	9.003741	0.356153	9.329673
10127	24262.564754	34.146231	8.980346	0.352162	9.177535
10129	24264.649789	34.233306	8.909392	0.347334	9.453758
10133	24268.814468	34.296093	8.899508	0.353145	9.099178
10135	24270.888155	34.308672	8.833834	0.359968	8.588990
10137	24272.965203	34.381758	8.800851	0.365117	9.748203
10139	24275.037962	34.156060	8.728367	0.368027	9.909780
10141	24277.118539	34.022622	8.653267	0.369927	9.631099
10143	24279.202988	33.988419	8.564219	0.370313	10.047529
10145	24281.288700	33.874583	8.527539	0.363189	9.340567
10149	24285.461074	33.879382	8.457332	0.359944	9.266626
10151	24287.544363	33.875255	8.407810	0.362265	9.389251
10153	24289.626983	33.731229	8.359480	0.367324	8.965258
10155	24291.706244	33.976294	8.304672	0.366144	9.489129
10157	24293.789373	33.982550	8.246341	0.368964	9.587323
10161	24297.945747	33.850216	8.166260	0.370167	8.973509
10163	24300.022071	33.912451	8.100034	0.368359	9.198239
10165	24302.098158	33.895456	8.012855	0.367186	9.313378
10167	24304.172740	33.898229	7.955147	0.364769	9.037682
10169	24306.255094	33.600878	7.924063	0.363820	9.161550
10171	24308.338314	33.541384	7.862516	0.367871	9.448012
10173	24310.430671	33.376624	7.846126	0.373932	9.413864
10175	24312.516360	33.491312	7.768499	0.378485	10.022731
10177	24314.600929	33.525055	7.731914	0.379634	9.455359
10181	24318.765149	33.583477	7.644623	0.379411	9.203087
10183	24320.842275	33.636041	7.601134	0.378310	9.429413
10185	24322.920644	33.551026	7.549990	0.378007	9.319470
10187	24324.998901	33.530094	7.499118	0.377341	9.243785
10191	24329.154764	33.483205	7.410742	0.378442	9.223594
10193	24331.235655	33.503434	7.337210	0.377720	9.064939
10195	24333.316180	33.464286	7.190598	0.377909	8.961638
10197	24335.393470	33.353110	7.199464	0.381583	8.502796
10199	24337.475651	33.225943	7.183638	0.380814	9.533955
10201	24339.558238	33.316303	7.119344	0.382068	9.240022
10205	24343.729688	33.100947	6.984515	0.384184	9.452248
10207	24345.814896	33.049352	6.933578	0.382062	9.881445
10209	24347.899053	33.065472	6.795558	0.377854	9.348192
10211	24349.979632	33.092697	6.872246	0.379167	10.334754
10215	24354.141579	33.026017	6.724809	0.378386	10.107419
10217	24356.219709	33.207354	6.714546	0.385080	8.922087
10219	24358.292549	33.052365	6.699378	0.390828	10.666398
10221	24360.369969	33.017654	6.704102	0.392931	9.808548
10223	24362.445360	32.960001	6.642046	0.393302	9.600457
10225	24364.523731	32.919481	6.621282	0.395725	9.709827
10229	24368.691679	32.785203	6.451610	0.393868	10.124769
10231	24370.776233	32.715414	6.389375	0.392357	9.020610
10233	24372.858384	32.663266	6.349689	0.393789	9.261343
10235	24374.944121	32.673908	6.339557	0.391776	9.772491
10239	24379.106824	32.736005	6.215799	0.393220	9.220959
10241	24381.190557	32.709006	6.174935	0.393508	9.019254
10243	24383.263460	32.762695	6.146749	0.395286	6.586948
10245	24385.343795	32.748033	6.070202	0.391426	9.388747
10249	24389.501564	32.612603	5.885345	0.389286	9.317677
10251	24391.579704	32.544121	5.896733	0.391176	9.572088
10253	24393.663034	32.335440	5.849588	0.392594	9.479160
10255	24395.749665	32.230871	5.847065	0.396779	9.285952
10259	24399.920557	32.317454	5.722080	0.400370	9.217212
